# doing sequential access with a max buffer of 1073741824
4	4096	11
8	4096	5
16	4096	17
32	4096	17
64	4096	17
128	4096	17
256	4096	8
512	4096	5
1024	4096	8
2048	4096	20


4	8192	10
8	8192	10
16	8192	5
32	8192	10
64	8192	10
128	8192	10
256	8192	10
512	8192	5
1024	8192	5
2048	8192	10
4096	8192	13


4	16384	7
8	16384	7
16	16384	7
32	16384	3
64	16384	7
128	16384	7
256	16384	3
512	16384	7
1024	16384	3
2048	16384	3
4096	16384	8
8192	16384	9


4	32768	5
8	32768	5
16	32768	5
32	32768	5
64	32768	5
128	32768	5
256	32768	5
512	32768	1
1024	32768	5
2048	32768	5
4096	32768	6
8192	32768	6
16384	32768	8


4	65536	4
8	65536	4
16	65536	4
32	65536	4
64	65536	5
128	65536	5
256	65536	5
512	65536	5
1024	65536	5
2048	65536	7
4096	65536	15
8192	65536	6
16384	65536	6
32768	65536	7


4	131072	4
8	131072	4
16	131072	4
32	131072	4
64	131072	5
128	131072	4
256	131072	5
512	131072	5
1024	131072	5
2048	131072	7
4096	131072	17
8192	131072	15
16384	131072	5
32768	131072	5
65536	131072	6


4	262144	4
8	262144	4
16	262144	4
32	262144	4
64	262144	4
128	262144	4
256	262144	4
512	262144	4
1024	262144	5
2048	262144	8
4096	262144	16
8192	262144	17
16384	262144	15
32768	262144	5
65536	262144	5
131072	262144	6


4	524288	4
8	524288	4
16	524288	4
32	524288	4
64	524288	4
128	524288	4
256	524288	4
512	524288	4
1024	524288	5
2048	524288	7
4096	524288	17
8192	524288	16
16384	524288	16
32768	524288	13
65536	524288	5
131072	524288	5
262144	524288	7


4	1048576	4
8	1048576	4
16	1048576	4
32	1048576	4
64	1048576	4
128	1048576	4
256	1048576	4
512	1048576	4
1024	1048576	5
2048	1048576	8
4096	1048576	14
8192	1048576	14
16384	1048576	14
32768	1048576	14
65536	1048576	14
131072	1048576	7
262144	1048576	5
524288	1048576	7


4	2097152	4
8	2097152	4
16	2097152	4
32	2097152	4
64	2097152	5
128	2097152	5
256	2097152	5
512	2097152	5
1024	2097152	5
2048	2097152	7
4096	2097152	14
8192	2097152	14
16384	2097152	14
32768	2097152	14
65536	2097152	14
131072	2097152	14
262144	2097152	7
524288	2097152	6
1048576	2097152	7


4	4194304	4
8	4194304	5
16	4194304	9
32	4194304	19
64	4194304	31
128	4194304	47
256	4194304	31
512	4194304	47
1024	4194304	47
2048	4194304	47
4096	4194304	95
8192	4194304	47
16384	4194304	95
32768	4194304	47
65536	4194304	95
131072	4194304	95
262144	4194304	95
524288	4194304	47
1048576	4194304	5
2097152	4194304	7


4	8388608	4
8	8388608	5
16	8388608	9
32	8388608	23
64	8388608	23
128	8388608	47
256	8388608	95
512	8388608	47
1024	8388608	47
2048	8388608	47
4096	8388608	95
8192	8388608	47
16384	8388608	47
32768	8388608	95
65536	8388608	95
131072	8388608	95
262144	8388608	143
524288	8388608	143
1048576	8388608	7
2097152	8388608	6
4194304	8388608	6


4	16777216	4
8	16777216	5
16	16777216	11
32	16777216	11
64	16777216	47
128	16777216	47
256	16777216	71
512	16777216	47
1024	16777216	47
2048	16777216	71
4096	16777216	71
8192	16777216	71
16384	16777216	71
32768	16777216	47
65536	16777216	95
131072	16777216	95
262144	16777216	40
524288	16777216	40
1048576	16777216	40
2097152	16777216	11
4194304	16777216	5
8388608	16777216	7


4	33554432	3
8	33554432	5
16	33554432	11
32	33554432	11
64	33554432	47
128	33554432	47
256	33554432	4
512	33554432	4
1024	33554432	8
2048	33554432	8
4096	33554432	14
8192	33554432	20
16384	33554432	14
32768	33554432	20
65536	33554432	32
131072	33554432	44
262144	33554432	21
524288	33554432	40
1048576	33554432	1
2097152	33554432	13
4194304	33554432	11
8388608	33554432	5
16777216	33554432	11


4	67108864	2
8	67108864	5
16	67108864	11
32	67108864	23
64	67108864	16
128	67108864	2
256	67108864	2
512	67108864	5
1024	67108864	8
2048	67108864	8
4096	67108864	14
8192	67108864	14
16384	67108864	20
32768	67108864	14
65536	67108864	6
131072	67108864	24
262144	67108864	1
524288	67108864	11
1048576	67108864	2
2097152	67108864	19
4194304	67108864	13
8388608	67108864	5
16777216	67108864	5
33554432	67108864	11


4	134217728	2
8	134217728	5
16	134217728	11
32	134217728	8
64	134217728	6
128	134217728	2
256	134217728	2
512	134217728	5
1024	134217728	8
2048	134217728	8
4096	134217728	4
8192	134217728	3
16384	134217728	3
32768	134217728	4
65536	134217728	9
131072	134217728	5
262144	134217728	11
524288	134217728	4
1048576	134217728	4
2097152	134217728	9
4194304	134217728	9
8388608	134217728	5
16777216	134217728	8
33554432	134217728	5
67108864	134217728	5


4	268435456	5
8	268435456	5
16	268435456	4
32	268435456	1
64	268435456	4
128	268435456	2
256	268435456	2
512	268435456	3
1024	268435456	2
2048	268435456	3
4096	268435456	1
8192	268435456	3
16384	268435456	4
32768	268435456	3
65536	268435456	3
131072	268435456	0
262144	268435456	1
524288	268435456	4
1048576	268435456	1
2097152	268435456	2
4194304	268435456	3
8388608	268435456	1
16777216	268435456	5
33554432	268435456	1
67108864	268435456	5
134217728	268435456	1


4	536870912	1
8	536870912	2
16	536870912	1
32	536870912	2
64	536870912	0
128	536870912	2
256	536870912	3
512	536870912	1
1024	536870912	1
2048	536870912	1
4096	536870912	3
8192	536870912	0
16384	536870912	0
32768	536870912	2
65536	536870912	2
131072	536870912	2
262144	536870912	1
524288	536870912	1
1048576	536870912	0
2097152	536870912	1
4194304	536870912	0
8388608	536870912	1
16777216	536870912	0
33554432	536870912	2
67108864	536870912	1
134217728	536870912	2
268435456	536870912	1


4	1073741824	1
8	1073741824	1
16	1073741824	1
32	1073741824	0
64	1073741824	0
128	1073741824	0
256	1073741824	1
512	1073741824	1
1024	1073741824	1
2048	1073741824	1
4096	1073741824	0
8192	1073741824	0
16384	1073741824	1
32768	1073741824	2
65536	1073741824	0
131072	1073741824	3
262144	1073741824	2
524288	1073741824	1
1048576	1073741824	0
2097152	1073741824	3
4194304	1073741824	3
8388608	1073741824	1
16777216	1073741824	1
33554432	1073741824	0
67108864	1073741824	0
134217728	1073741824	1
268435456	1073741824	1
536870912	1073741824	1
