# doing sequential access with a max buffer of 1073741824
4	4096	3.5
8	4096	3.5
16	4096	3.8
32	4096	3.7
64	4096	5.3
128	4096	4.0
256	4096	4.0
512	4096	4.1
1024	4096	4.5
2048	4096	4.9


4	8192	3.3
8	8192	3.5
16	8192	3.8
32	8192	3.6
64	8192	5.2
128	8192	3.9
256	8192	4.0
512	8192	4.3
1024	8192	5.3
2048	8192	4.9
4096	8192	5.4


4	16384	3.5
8	16384	3.7
16	16384	4.0
32	16384	4.0
64	16384	5.5
128	16384	4.1
256	16384	4.2
512	16384	4.7
1024	16384	4.7
2048	16384	5.0
4096	16384	5.8
8192	16384	5.8


4	32768	3.8
8	32768	4.0
16	32768	4.3
32	32768	4.3
64	32768	5.7
128	32768	4.4
256	32768	4.4
512	32768	4.8
1024	32768	5.9
2048	32768	5.4
4096	32768	6.0
8192	32768	6.1
16384	32768	6.0


4	65536	4.0
8	65536	4.2
16	65536	4.7
32	65536	5.1
64	65536	6.9
128	65536	5.6
256	65536	5.7
512	65536	6.2
1024	65536	6.2
2048	65536	6.7
4096	65536	10.5
8192	65536	6.5
16384	65536	6.6
32768	65536	6.3


4	131072	4.1
8	131072	4.4
16	131072	4.8
32	131072	5.3
64	131072	7.2
128	131072	5.7
256	131072	5.7
512	131072	6.2
1024	131072	6.0
2048	131072	6.8
4096	131072	9.6
8192	131072	10.6
16384	131072	6.6
32768	131072	6.6
65536	131072	6.3


4	262144	4.1
8	262144	4.4
16	262144	4.9
32	262144	5.3
64	262144	7.1
128	262144	5.7
256	262144	5.7
512	262144	6.2
1024	262144	6.0
2048	262144	6.6
4096	262144	10.4
8192	262144	9.6
16384	262144	10.6
32768	262144	6.4
65536	262144	6.5
131072	262144	6.4


4	524288	4.2
8	524288	4.4
16	524288	4.8
32	524288	5.2
64	524288	6.9
128	524288	5.6
256	524288	5.6
512	524288	6.0
1024	524288	5.8
2048	524288	6.4
4096	524288	10.4
8192	524288	11.3
16384	524288	9.4
32768	524288	10.2
65536	524288	6.3
131072	524288	6.4
262144	524288	6.3


4	1048576	4.1
8	1048576	4.1
16	1048576	3.9
32	1048576	4.2
64	1048576	6.0
128	1048576	4.7
256	1048576	4.8
512	1048576	5.2
1024	1048576	5.1
2048	1048576	5.8
4096	1048576	9.8
8192	1048576	9.7
16384	1048576	9.6
32768	1048576	9.7
65536	1048576	10.6
131072	1048576	6.4
262144	1048576	6.5
524288	1048576	6.4


4	2097152	4.1
8	2097152	4.4
16	2097152	5.2
32	2097152	5.2
64	2097152	7.0
128	2097152	5.6
256	2097152	5.7
512	2097152	5.8
1024	2097152	6.1
2048	2097152	6.8
4096	2097152	10.1
8192	2097152	10.1
16384	2097152	10.3
32768	2097152	10.6
65536	2097152	10.1
131072	2097152	9.9
262144	2097152	10.0
524288	2097152	6.4
1048576	2097152	6.4


4	4194304	4.2
8	4194304	4.5
16	4194304	5.2
32	4194304	5.8
64	4194304	8.7
128	4194304	8.7
256	4194304	8.8
512	4194304	9.2
1024	4194304	10.2
2048	4194304	11.9
4096	4194304	15.2
8192	4194304	12.2
16384	4194304	10.9
32768	4194304	10.3
65536	4194304	10.4
131072	4194304	10.4
262144	4194304	12.9
524288	4194304	10.1
1048576	4194304	6.5
2097152	4194304	6.4


4	8388608	4.3
8	8388608	4.8
16	8388608	7.7
32	8388608	14.4
64	8388608	28.4
128	8388608	33.6
256	8388608	33.6
512	8388608	34.0
1024	8388608	34.8
2048	8388608	38.3
4096	8388608	53.5
8192	8388608	18.2
16384	8388608	12.2
32768	8388608	10.5
65536	8388608	10.5
131072	8388608	11.1
262144	8388608	12.5
524288	8388608	12.9
1048576	8388608	10.2
2097152	8388608	6.6
4194304	8388608	6.3


4	16777216	4.3
8	16777216	5.1
16	16777216	8.8
32	16777216	16.7
64	16777216	32.6
128	16777216	39.0
256	16777216	38.6
512	16777216	37.8
1024	16777216	39.2
2048	16777216	41.3
4096	16777216	56.6
8192	16777216	48.2
16384	16777216	48.3
32768	16777216	50.3
65536	16777216	53.0
131072	16777216	57.2
262144	16777216	68.5
524288	16777216	50.7
1048576	16777216	13.7
2097152	16777216	10.7
4194304	16777216	6.6
8388608	16777216	6.5


4	33554432	4.4
8	33554432	4.7
16	33554432	9.1
32	33554432	17.6
64	33554432	34.4
128	33554432	41.3
256	33554432	40.2
512	33554432	38.7
1024	33554432	40.0
2048	33554432	41.2
4096	33554432	58.4
8192	33554432	56.6
16384	33554432	57.4
32768	33554432	60.6
65536	33554432	62.5
131072	33554432	68.0
262144	33554432	84.9
524288	33554432	80.4
1048576	33554432	68.2
2097152	33554432	14.7
4194304	33554432	10.9
8388608	33554432	6.9
16777216	33554432	6.8


4	67108864	4.6
8	67108864	5.3
16	67108864	9.5
32	67108864	18.0
64	67108864	34.8
128	67108864	42.0
256	67108864	40.9
512	67108864	39.3
1024	67108864	40.1
2048	67108864	41.7
4096	67108864	60.1
8192	67108864	57.0
16384	67108864	56.9
32768	67108864	56.6
65536	67108864	53.4
131072	67108864	59.9
262144	67108864	89.0
524288	67108864	86.6
1048576	67108864	86.7
2097152	67108864	78.4
4194304	67108864	18.3
8388608	67108864	11.2
16777216	67108864	7.2
33554432	67108864	7.0


4	134217728	4.9
8	134217728	5.5
16	134217728	9.7
32	134217728	18.2
64	134217728	35.0
128	134217728	41.3
256	134217728	41.2
512	134217728	38.5
1024	134217728	43.1
2048	134217728	43.8
4096	134217728	61.6
8192	134217728	59.2
16384	134217728	58.9
32768	134217728	57.5
65536	134217728	54.8
131072	134217728	61.5
262144	134217728	90.8
524288	134217728	90.4
1048576	134217728	93.0
2097152	134217728	96.0
4194304	134217728	101.2
8388608	134217728	19.0
16777216	134217728	10.5
33554432	134217728	6.6
67108864	134217728	6.5


4	268435456	4.6
8	268435456	5.7
16	268435456	9.8
32	268435456	18.8
64	268435456	35.9
128	268435456	43.8
256	268435456	42.0
512	268435456	40.4
1024	268435456	41.0
2048	268435456	42.8
4096	268435456	61.6
8192	268435456	60.9
16384	268435456	60.9
32768	268435456	59.3
65536	268435456	56.6
131072	268435456	64.2
262144	268435456	94.1
524288	268435456	93.3
1048576	268435456	94.6
2097152	268435456	97.9
4194304	268435456	129.1
8388608	268435456	104.6
16777216	268435456	21.0
33554432	268435456	13.8
67108864	268435456	6.2
134217728	268435456	6.1


4	536870912	5.1
8	536870912	6.1
16	536870912	9.8
32	536870912	18.6
64	536870912	35.7
128	536870912	44.9
256	536870912	44.0
512	536870912	42.1
1024	536870912	42.7
2048	536870912	43.8
4096	536870912	63.7
8192	536870912	63.1
16384	536870912	61.6
32768	536870912	61.1
65536	536870912	59.1
131072	536870912	66.1
262144	536870912	93.7
524288	536870912	93.3
1048576	536870912	95.5
2097152	536870912	98.2
4194304	536870912	114.9
8388608	536870912	94.4
16777216	536870912	24.0
33554432	536870912	21.9
67108864	536870912	17.1
134217728	536870912	6.7
268435456	536870912	6.5


4	1073741824	5.4
8	1073741824	6.4
16	1073741824	10.4
32	1073741824	19.4
64	1073741824	38.0
128	1073741824	46.4
256	1073741824	44.7
512	1073741824	43.2
1024	1073741824	43.7
2048	1073741824	44.9
4096	1073741824	64.8
8192	1073741824	63.4
16384	1073741824	62.9
32768	1073741824	62.3
65536	1073741824	60.4
131072	1073741824	67.6
262144	1073741824	94.7
524288	1073741824	94.2
1048576	1073741824	96.6
2097152	1073741824	100.0
4194304	1073741824	123.7
8388608	1073741824	114.6
16777216	1073741824	96.1
33554432	1073741824	66.1
67108864	1073741824	21.6
134217728	1073741824	14.9
268435456	1073741824	6.6
536870912	1073741824	6.4


