# doing random access with a max buffer of 1073741824
4	4096	3.6
8	4096	3.6
16	4096	3.8
32	4096	3.7
64	4096	3.8
128	4096	3.7
256	4096	3.5
512	4096	3.7
1024	4096	4.1
2048	4096	5.4


4	8192	3.6
8	8192	3.6
16	8192	3.6
32	8192	3.6
64	8192	3.7
128	8192	3.8
256	8192	3.7
512	8192	3.5
1024	8192	3.7
2048	8192	4.1
4096	8192	5.4


4	16384	3.6
8	16384	3.6
16	16384	3.6
32	16384	3.6
64	16384	3.6
128	16384	3.7
256	16384	3.7
512	16384	3.7
1024	16384	3.5
2048	16384	3.7
4096	16384	4.1
8192	16384	5.4


4	32768	3.6
8	32768	3.6
16	32768	3.6
32	32768	3.8
64	32768	3.7
128	32768	3.7
256	32768	3.9
512	32768	4.2
1024	32768	3.7
2048	32768	3.5
4096	32768	3.7
8192	32768	4.1
16384	32768	5.4


4	65536	5.9
8	65536	6.0
16	65536	6.2
32	65536	6.6
64	65536	7.9
128	65536	7.9
256	65536	8.0
512	65536	7.9
1024	65536	8.1
2048	65536	7.6
4096	65536	6.9
8192	65536	3.8
16384	65536	4.1
32768	65536	5.4


4	131072	7.2
8	131072	7.3
16	131072	7.4
32	131072	7.7
64	131072	8.3
128	131072	8.3
256	131072	8.3
512	131072	8.2
1024	131072	8.4
2048	131072	8.5
4096	131072	8.2
8192	131072	7.3
16384	131072	3.9
32768	131072	4.1
65536	131072	5.4


4	262144	7.9
8	262144	7.9
16	262144	8.0
32	262144	8.2
64	262144	8.4
128	262144	8.4
256	262144	8.4
512	262144	8.4
1024	262144	8.5
2048	262144	8.6
4096	262144	8.7
8192	262144	8.2
16384	262144	7.4
32768	262144	3.9
65536	262144	4.2
131072	262144	5.4


4	524288	8.2
8	524288	8.3
16	524288	8.3
32	524288	8.4
64	524288	8.5
128	524288	8.5
256	524288	8.5
512	524288	8.5
1024	524288	8.5
2048	524288	8.6
4096	524288	8.7
8192	524288	8.7
16384	524288	8.2
32768	524288	7.4
65536	524288	3.9
131072	524288	4.2
262144	524288	5.4


4	1048576	8.5
8	1048576	8.5
16	1048576	8.5
32	1048576	8.5
64	1048576	8.6
128	1048576	8.6
256	1048576	8.6
512	1048576	8.6
1024	1048576	8.6
2048	1048576	8.6
4096	1048576	8.7
8192	1048576	8.8
16384	1048576	8.7
32768	1048576	8.2
65536	1048576	7.4
131072	1048576	3.9
262144	1048576	4.2
524288	1048576	5.4


4	2097152	9.9
8	2097152	9.9
16	2097152	9.9
32	2097152	9.9
64	2097152	10.0
128	2097152	10.0
256	2097152	10.1
512	2097152	10.1
1024	2097152	10.3
2048	2097152	10.6
4096	2097152	11.7
8192	2097152	11.6
16384	2097152	11.6
32768	2097152	11.7
65536	2097152	10.7
131072	2097152	8.9
262144	2097152	4.4
524288	2097152	4.2
1048576	2097152	5.4


4	4194304	14.2
8	4194304	14.5
16	4194304	14.9
32	4194304	15.8
64	4194304	18.3
128	4194304	19.2
256	4194304	19.4
512	4194304	19.3
1024	4194304	19.4
2048	4194304	19.3
4096	4194304	19.5
8192	4194304	11.7
16384	4194304	11.6
32768	4194304	11.6
65536	4194304	11.7
131072	4194304	10.6
262144	4194304	9.0
524288	4194304	4.3
1048576	4194304	4.2
2097152	4194304	5.4


4	8388608	56.9
8	8388608	57.6
16	8388608	59.6
32	8388608	63.2
64	8388608	70.2
128	8388608	89.1
256	8388608	89.1
512	8388608	89.1
1024	8388608	89.3
2048	8388608	89.2
4096	8388608	89.8
8192	8388608	26.9
16384	8388608	11.6
32768	8388608	11.6
65536	8388608	11.6
131072	8388608	11.6
262144	8388608	10.7
524288	8388608	8.9
1048576	8388608	4.3
2097152	8388608	4.1
4194304	8388608	5.4


4	16777216	79.3
8	16777216	79.7
16	16777216	81.0
32	16777216	83.3
64	16777216	87.9
128	16777216	99.8
256	16777216	99.8
512	16777216	100.2
1024	16777216	100.3
2048	16777216	100.7
4096	16777216	101.3
8192	16777216	89.8
16384	16777216	31.3
32768	16777216	11.6
65536	16777216	11.7
131072	16777216	11.6
262144	16777216	11.7
524288	16777216	10.6
1048576	16777216	9.0
2097152	16777216	4.3
4194304	16777216	4.2
8388608	16777216	5.7


4	33554432	90.1
8	33554432	90.7
16	33554432	91.3
32	33554432	92.3
64	33554432	94.8
128	33554432	101.0
256	33554432	100.6
512	33554432	100.8
1024	33554432	100.9
2048	33554432	101.4
4096	33554432	102.1
8192	33554432	101.2
16384	33554432	89.2
32768	33554432	31.4
65536	33554432	11.7
131072	33554432	11.6
262144	33554432	11.6
524288	33554432	11.6
1048576	33554432	10.7
2097152	33554432	9.0
4194304	33554432	4.4
8388608	33554432	4.7
16777216	33554432	6.2


4	67108864	96.1
8	67108864	95.7
16	67108864	96.0
32	67108864	96.8
64	67108864	97.8
128	67108864	101.0
256	67108864	100.6
512	67108864	101.2
1024	67108864	101.9
2048	67108864	102.0
4096	67108864	102.4
8192	67108864	102.3
16384	67108864	101.8
32768	67108864	91.1
65536	67108864	38.9
131072	67108864	16.1
262144	67108864	15.6
524288	67108864	15.6
1048576	67108864	15.5
2097152	67108864	14.0
4194304	67108864	11.9
8388608	67108864	4.4
16777216	67108864	4.2
33554432	67108864	5.4


4	134217728	99.1
8	134217728	98.4
16	134217728	99.1
32	134217728	99.7
64	134217728	100.7
128	134217728	102.2
256	134217728	103.2
512	134217728	104.4
1024	134217728	104.8
2048	134217728	105.0
4096	134217728	105.5
8192	134217728	105.6
16384	134217728	105.9
32768	134217728	105.6
65536	134217728	95.1
131072	134217728	36.5
262144	134217728	16.4
524288	134217728	16.5
1048576	134217728	16.6
2097152	134217728	16.6
4194304	134217728	15.2
8388608	134217728	12.7
16777216	134217728	4.4
33554432	134217728	4.2
67108864	134217728	5.4


4	268435456	108.8
8	268435456	107.9
16	268435456	108.4
32	268435456	108.8
64	268435456	109.3
128	268435456	110.2
256	268435456	111.9
512	268435456	112.7
1024	268435456	112.5
2048	268435456	111.7
4096	268435456	111.8
8192	268435456	112.2
16384	268435456	112.6
32768	268435456	113.1
65536	268435456	112.9
131072	268435456	102.4
262144	268435456	39.9
524288	268435456	19.0
1048576	268435456	19.2
2097152	268435456	19.4
4194304	268435456	20.1
8388608	268435456	18.1
16777216	268435456	14.8
33554432	268435456	5.9
67108864	268435456	4.4
134217728	268435456	5.7


4	536870912	119.7
8	536870912	118.4
16	536870912	118.7
32	536870912	118.8
64	536870912	119.5
128	536870912	120.7
256	536870912	121.2
512	536870912	121.1
1024	536870912	118.8
2048	536870912	118.1
4096	536870912	117.4
8192	536870912	117.7
16384	536870912	117.9
32768	536870912	119.0
65536	536870912	119.9
131072	536870912	120.0
262144	536870912	104.8
524288	536870912	47.8
1048576	536870912	23.5
2097152	536870912	23.7
4194304	536870912	23.8
8388608	536870912	23.5
16777216	536870912	21.4
33554432	536870912	17.6
67108864	536870912	11.5
134217728	536870912	5.0
268435456	536870912	6.6


4	1073741824	137.3
8	1073741824	137.7
16	1073741824	137.4
32	1073741824	138.3
64	1073741824	138.7
128	1073741824	139.6
256	1073741824	136.4
512	1073741824	131.8
1024	1073741824	127.6
2048	1073741824	124.5
4096	1073741824	122.7
8192	1073741824	123.1
16384	1073741824	123.2
32768	1073741824	124.4
65536	1073741824	125.3
131072	1073741824	125.0
262144	1073741824	121.4
524288	1073741824	108.5
1048576	1073741824	49.5
2097152	1073741824	25.8
4194304	1073741824	25.1
8388608	1073741824	24.6
16777216	1073741824	24.2
33554432	1073741824	22.3
67108864	1073741824	20.3
134217728	1073741824	6.9
268435456	1073741824	5.4
536870912	1073741824	6.9


