# doing sequential access with a max buffer of 1073741824
4	4096	5.7
8	4096	5.7
16	4096	5.8
32	4096	5.9
64	4096	6.0
128	4096	6.3
256	4096	5.5
512	4096	6.2
1024	4096	5.4
2048	4096	6.0


4	8192	5.6
8	8192	5.6
16	8192	5.7
32	8192	5.7
64	8192	5.7
128	8192	6.1
256	8192	6.0
512	8192	6.0
1024	8192	5.6
2048	8192	5.7
4096	8192	6.1


4	16384	5.6
8	16384	5.6
16	16384	5.6
32	16384	5.7
64	16384	5.7
128	16384	5.9
256	16384	6.7
512	16384	5.6
1024	16384	5.7
2048	16384	5.6
4096	16384	5.9
8192	16384	6.1


4	32768	5.6
8	32768	5.6
16	32768	5.6
32	32768	5.7
64	32768	5.6
128	32768	5.9
256	32768	6.6
512	32768	5.5
1024	32768	5.8
2048	32768	6.1
4096	32768	5.8
8192	32768	5.9
16384	32768	6.1


4	65536	5.7
8	65536	5.7
16	65536	5.9
32	65536	6.4
64	65536	6.4
128	65536	6.5
256	65536	6.8
512	65536	6.4
1024	65536	6.5
2048	65536	6.9
4096	65536	9.9
8192	65536	5.8
16384	65536	5.9
32768	65536	6.1


4	131072	5.7
8	131072	5.7
16	131072	5.9
32	131072	6.4
64	131072	6.4
128	131072	6.4
256	131072	6.8
512	131072	6.3
1024	131072	6.3
2048	131072	7.0
4096	131072	9.9
8192	131072	9.9
16384	131072	5.8
32768	131072	5.9
65536	131072	6.2


4	262144	5.7
8	262144	5.7
16	262144	5.9
32	262144	6.4
64	262144	6.4
128	262144	6.4
256	262144	6.8
512	262144	6.3
1024	262144	6.2
2048	262144	6.9
4096	262144	10.8
8192	262144	9.9
16384	262144	9.9
32768	262144	5.8
65536	262144	5.9
131072	262144	6.2


4	524288	5.7
8	524288	5.7
16	524288	5.9
32	524288	6.4
64	524288	6.4
128	524288	6.5
256	524288	6.8
512	524288	6.3
1024	524288	6.2
2048	524288	7.0
4096	524288	10.5
8192	524288	10.9
16384	524288	9.9
32768	524288	10.3
65536	524288	5.8
131072	524288	5.9
262144	524288	6.2


4	1048576	5.7
8	1048576	5.7
16	1048576	5.9
32	1048576	6.4
64	1048576	6.5
128	1048576	6.5
256	1048576	7.0
512	1048576	6.4
1024	1048576	6.6
2048	1048576	7.4
4096	1048576	10.3
8192	1048576	10.8
16384	1048576	11.9
32768	1048576	11.9
65536	1048576	11.7
131072	1048576	7.6
262144	1048576	5.9
524288	1048576	6.2


4	2097152	5.7
8	2097152	5.9
16	2097152	6.6
32	2097152	8.9
64	2097152	12.4
128	2097152	17.3
256	2097152	18.6
512	2097152	16.5
1024	2097152	17.6
2048	2097152	22.8
4096	2097152	31.2
8192	2097152	10.3
16384	2097152	10.6
32768	2097152	11.3
65536	2097152	11.9
131072	2097152	13.6
262144	2097152	7.6
524288	2097152	5.9
1048576	2097152	6.3


4	4194304	5.7
8	4194304	6.0
16	4194304	9.2
32	4194304	17.7
64	4194304	35.2
128	4194304	48.4
256	4194304	51.5
512	4194304	44.6
1024	4194304	45.4
2048	4194304	51.2
4096	4194304	54.6
8192	4194304	41.9
16384	4194304	42.4
32768	4194304	47.2
65536	4194304	53.0
131072	4194304	55.9
262144	4194304	69.2
524288	4194304	7.6
1048576	4194304	5.9
2097152	4194304	6.1


4	8388608	5.8
8	8388608	6.2
16	8388608	10.2
32	8388608	20.4
64	8388608	41.0
128	8388608	56.4
256	8388608	57.9
512	8388608	52.4
1024	8388608	53.3
2048	8388608	56.2
4096	8388608	58.4
8192	8388608	54.1
16384	8388608	55.5
32768	8388608	62.6
65536	8388608	67.5
131072	8388608	80.1
262144	8388608	112.7
524288	8388608	90.6
1048576	8388608	7.6
2097152	8388608	5.9
4194304	8388608	6.2


4	16777216	5.8
8	16777216	6.2
16	16777216	10.3
32	16777216	20.6
64	16777216	41.4
128	16777216	57.4
256	16777216	58.4
512	16777216	53.6
1024	16777216	54.9
2048	16777216	55.9
4096	16777216	57.7
8192	16777216	56.9
16384	16777216	58.8
32768	16777216	66.5
65536	16777216	71.9
131072	16777216	86.4
262144	16777216	130.8
524288	16777216	118.5
1048576	16777216	113.4
2097152	16777216	7.9
4194304	16777216	5.9
8388608	16777216	6.2


4	33554432	5.8
8	33554432	6.2
16	33554432	10.3
32	33554432	20.6
64	33554432	41.3
128	33554432	57.7
256	33554432	58.1
512	33554432	53.9
1024	33554432	55.1
2048	33554432	55.6
4096	33554432	58.2
8192	33554432	58.4
16384	33554432	60.5
32768	33554432	68.5
65536	33554432	74.6
131072	33554432	89.5
262144	33554432	137.5
524288	33554432	134.8
1048576	33554432	129.3
2097152	33554432	148.9
4194304	33554432	7.9
8388608	33554432	5.9
16777216	33554432	6.1


4	67108864	5.8
8	67108864	6.2
16	67108864	10.3
32	67108864	20.6
64	67108864	41.3
128	67108864	57.9
256	67108864	58.1
512	67108864	53.7
1024	67108864	55.0
2048	67108864	55.0
4096	67108864	62.8
8192	67108864	61.9
16384	67108864	64.2
32768	67108864	72.2
65536	67108864	96.9
131072	67108864	100.7
262144	67108864	160.1
524288	67108864	152.6
1048576	67108864	155.4
2097152	67108864	172.2
4194304	67108864	153.1
8388608	67108864	7.9
16777216	67108864	5.9
33554432	67108864	6.2


4	134217728	5.9
8	134217728	6.2
16	134217728	10.3
32	134217728	20.6
64	134217728	41.3
128	134217728	58.0
256	134217728	58.0
512	134217728	53.7
1024	134217728	55.3
2048	134217728	55.0
4096	134217728	62.2
8192	134217728	62.7
16384	134217728	64.7
32768	134217728	72.9
65536	134217728	95.7
131072	134217728	101.4
262144	134217728	152.1
524288	134217728	141.9
1048576	134217728	142.0
2097152	134217728	159.2
4194304	134217728	149.6
8388608	134217728	16.2
16777216	134217728	9.5
33554432	134217728	5.9
67108864	134217728	6.1


4	268435456	5.9
8	268435456	6.3
16	268435456	10.2
32	268435456	20.5
64	268435456	41.1
128	268435456	57.9
256	268435456	58.0
512	268435456	53.8
1024	268435456	55.5
2048	268435456	55.0
4096	268435456	62.0
8192	268435456	62.6
16384	268435456	64.5
32768	268435456	72.9
65536	268435456	98.0
131072	268435456	102.9
262144	268435456	163.6
524288	268435456	152.4
1048576	268435456	160.6
2097152	268435456	170.3
4194304	268435456	158.1
8388608	268435456	117.8
16777216	268435456	85.4
33554432	268435456	11.2
67108864	268435456	5.9
134217728	268435456	6.2


4	536870912	5.9
8	536870912	6.3
16	536870912	10.2
32	536870912	20.5
64	536870912	41.1
128	536870912	58.0
256	536870912	58.0
512	536870912	53.8
1024	536870912	55.7
2048	536870912	55.0
4096	536870912	61.8
8192	536870912	62.6
16384	536870912	64.6
32768	536870912	72.9
65536	536870912	98.6
131072	536870912	103.7
262144	536870912	167.7
524288	536870912	157.0
1048576	536870912	172.4
2097152	536870912	185.0
4194304	536870912	171.3
8388608	536870912	153.8
16777216	536870912	146.0
33554432	536870912	120.8
67108864	536870912	10.8
134217728	536870912	5.9
268435456	536870912	6.2


4	1073741824	5.9
8	1073741824	6.3
16	1073741824	10.2
32	1073741824	20.5
64	1073741824	41.1
128	1073741824	58.0
256	1073741824	57.9
512	1073741824	53.9
1024	1073741824	55.7
2048	1073741824	55.0
4096	1073741824	61.7
8192	1073741824	62.6
16384	1073741824	64.6
32768	1073741824	72.9
65536	1073741824	98.3
131072	1073741824	104.2
262144	1073741824	169.7
524288	1073741824	159.3
1048576	1073741824	178.5
2097152	1073741824	190.2
4194304	1073741824	176.2
8388608	1073741824	168.3
16777216	1073741824	167.5
33554432	1073741824	156.1
67108864	1073741824	137.8
134217728	1073741824	9.5
268435456	1073741824	5.9
536870912	1073741824	6.1


