# doing random access with a max buffer of 1073741824
4	4096	4.3
8	4096	4.3
16	4096	4.3
32	4096	4.4
64	4096	4.4
128	4096	4.4
256	4096	4.5
512	4096	4.3
1024	4096	4.9
2048	4096	6.1


4	8192	4.2
8	8192	4.2
16	8192	4.2
32	8192	4.3
64	8192	4.3
128	8192	4.4
256	8192	4.3
512	8192	4.4
1024	8192	4.3
2048	8192	4.9
4096	8192	6.1


4	16384	4.2
8	16384	4.2
16	16384	4.2
32	16384	4.2
64	16384	4.2
128	16384	4.3
256	16384	4.4
512	16384	4.3
1024	16384	4.4
2048	16384	4.2
4096	16384	4.9
8192	16384	6.0


4	32768	4.2
8	32768	4.2
16	32768	4.3
32	32768	4.5
64	32768	4.4
128	32768	4.4
256	32768	4.5
512	32768	4.4
1024	32768	4.3
2048	32768	4.4
4096	32768	4.2
8192	32768	4.8
16384	32768	6.0


4	65536	6.8
8	65536	7.0
16	65536	7.3
32	65536	7.7
64	65536	9.3
128	65536	9.3
256	65536	9.3
512	65536	9.4
1024	65536	9.4
2048	65536	9.2
4096	65536	9.0
8192	65536	4.2
16384	65536	4.8
32768	65536	6.0


4	131072	8.1
8	131072	8.1
16	131072	8.3
32	131072	8.6
64	131072	9.3
128	131072	9.3
256	131072	9.3
512	131072	9.3
1024	131072	9.4
2048	131072	9.4
4096	131072	9.1
8192	131072	9.0
16384	131072	4.2
32768	131072	4.8
65536	131072	6.0


4	262144	8.7
8	262144	8.7
16	262144	8.8
32	262144	8.9
64	262144	9.3
128	262144	9.3
256	262144	9.3
512	262144	9.3
1024	262144	9.3
2048	262144	9.3
4096	262144	9.4
8192	262144	9.1
16384	262144	9.0
32768	262144	4.2
65536	262144	4.8
131072	262144	6.0


4	524288	9.0
8	524288	9.0
16	524288	9.1
32	524288	9.2
64	524288	9.3
128	524288	9.3
256	524288	9.3
512	524288	9.3
1024	524288	9.3
2048	524288	9.4
4096	524288	9.4
8192	524288	9.4
16384	524288	9.1
32768	524288	9.0
65536	524288	4.2
131072	524288	4.8
262144	524288	6.0


4	1048576	10.3
8	1048576	10.3
16	1048576	10.3
32	1048576	10.4
64	1048576	10.5
128	1048576	10.4
256	1048576	10.5
512	1048576	10.6
1024	1048576	10.7
2048	1048576	10.9
4096	1048576	11.6
8192	1048576	11.7
16384	1048576	11.8
32768	1048576	11.3
65536	1048576	11.1
131072	1048576	6.4
262144	1048576	4.8
524288	1048576	6.0


4	2097152	12.3
8	2097152	12.4
16	2097152	12.9
32	2097152	14.6
64	2097152	15.5
128	2097152	14.8
256	2097152	14.2
512	2097152	14.0
1024	2097152	14.0
2048	2097152	14.0
4096	2097152	13.6
8192	2097152	11.6
16384	2097152	11.7
32768	2097152	11.8
65536	2097152	11.3
131072	2097152	11.1
262144	2097152	6.4
524288	2097152	4.8
1048576	2097152	6.0


4	4194304	67.4
8	4194304	68.5
16	4194304	72.2
32	4194304	77.5
64	4194304	84.8
128	4194304	120.5
256	4194304	120.5
512	4194304	121.0
1024	4194304	120.3
2048	4194304	120.3
4096	4194304	119.1
8192	4194304	72.5
16384	4194304	11.7
32768	4194304	11.8
65536	4194304	11.8
131072	4194304	11.3
262144	4194304	11.1
524288	4194304	6.4
1048576	4194304	4.8
2097152	4194304	6.0


4	8388608	92.9
8	8388608	93.5
16	8388608	95.1
32	8388608	97.8
64	8388608	104.3
128	8388608	118.7
256	8388608	118.7
512	8388608	118.6
1024	8388608	118.3
2048	8388608	117.9
4096	8388608	118.1
8192	8388608	120.0
16384	8388608	63.5
32768	8388608	11.9
65536	8388608	11.9
131072	8388608	11.9
262144	8388608	11.5
524288	8388608	11.1
1048576	8388608	6.4
2097152	8388608	4.8
4194304	8388608	6.0


4	16777216	106.6
8	16777216	107.0
16	16777216	107.8
32	16777216	109.2
64	16777216	112.0
128	16777216	119.5
256	16777216	118.9
512	16777216	118.5
1024	16777216	118.3
2048	16777216	118.3
4096	16777216	118.3
8192	16777216	118.1
16384	16777216	118.1
32768	16777216	72.1
65536	16777216	16.5
131072	16777216	12.4
262144	16777216	12.5
524288	16777216	12.0
1048576	16777216	11.9
2097152	16777216	7.1
4194304	16777216	4.8
8388608	16777216	6.0


4	33554432	114.8
8	33554432	114.6
16	33554432	114.9
32	33554432	115.6
64	33554432	117.2
128	33554432	119.4
256	33554432	119.6
512	33554432	119.0
1024	33554432	118.8
2048	33554432	119.2
4096	33554432	119.2
8192	33554432	119.1
16384	33554432	119.3
32768	33554432	118.8
65536	33554432	70.0
131072	33554432	21.6
262144	33554432	12.8
524288	33554432	12.8
1048576	33554432	12.5
2097152	33554432	12.3
4194304	33554432	7.6
8388608	33554432	4.8
16777216	33554432	6.0


4	67108864	119.3
8	67108864	118.7
16	67108864	118.9
32	67108864	119.3
64	67108864	120.0
128	67108864	121.0
256	67108864	120.8
512	67108864	122.3
1024	67108864	122.9
2048	67108864	122.8
4096	67108864	122.7
8192	67108864	122.6
16384	67108864	123.0
32768	67108864	124.0
65536	67108864	125.6
131072	67108864	72.7
262144	67108864	18.0
524288	67108864	18.1
1048576	67108864	18.2
2097152	67108864	17.4
4194304	67108864	17.0
8388608	67108864	7.6
16777216	67108864	4.8
33554432	67108864	6.0


4	134217728	121.9
8	134217728	121.3
16	134217728	121.4
32	134217728	121.6
64	134217728	121.9
128	134217728	122.4
256	134217728	123.3
512	134217728	124.5
1024	134217728	126.0
2048	134217728	125.2
4096	134217728	127.4
8192	134217728	127.5
16384	134217728	127.6
32768	134217728	128.0
65536	134217728	128.5
131072	134217728	129.1
262144	134217728	73.6
524288	134217728	22.1
1048576	134217728	18.1
2097152	134217728	18.3
4194304	134217728	17.5
8388608	134217728	16.8
16777216	134217728	9.0
33554432	134217728	4.8
67108864	134217728	6.0


4	268435456	128.0
8	268435456	127.2
16	268435456	127.2
32	268435456	127.3
64	268435456	127.5
128	268435456	127.7
256	268435456	129.6
512	268435456	129.5
1024	268435456	128.1
2048	268435456	127.1
4096	268435456	127.2
8192	268435456	127.2
16384	268435456	127.3
32768	268435456	127.6
65536	268435456	127.8
131072	268435456	128.2
262144	268435456	124.6
524288	268435456	79.0
1048576	268435456	30.6
2097152	268435456	18.5
4194304	268435456	18.6
8388608	268435456	17.9
16777216	268435456	17.7
33554432	268435456	9.7
67108864	268435456	4.8
134217728	268435456	6.0


4	536870912	140.3
8	536870912	139.3
16	536870912	139.3
32	536870912	139.3
64	536870912	139.4
128	536870912	139.5
256	536870912	138.4
512	536870912	135.0
1024	536870912	130.8
2048	536870912	127.9
4096	536870912	127.0
8192	536870912	126.8
16384	536870912	127.1
32768	536870912	127.2
65536	536870912	127.6
131072	536870912	127.4
262144	536870912	124.1
524288	536870912	122.9
1048576	536870912	73.4
2097152	536870912	26.3
4194304	536870912	18.6
8388608	536870912	18.5
16777216	536870912	18.2
33554432	536870912	17.9
67108864	536870912	14.4
134217728	536870912	4.8
268435456	536870912	6.0


4	1073741824	161.4
8	1073741824	160.2
16	1073741824	143.5
32	1073741824	143.5
64	1073741824	143.6
128	1073741824	143.7
256	1073741824	134.3
512	1073741824	125.7
1024	1073741824	119.2
2048	1073741824	115.1
4096	1073741824	112.8
8192	1073741824	113.0
16384	1073741824	113.9
32768	1073741824	113.9
65536	1073741824	114.1
131072	1073741824	114.1
262144	1073741824	111.3
524288	1073741824	110.5
1048576	1073741824	109.4
2097152	1073741824	76.8
4194304	1073741824	25.5
8388608	1073741824	18.5
16777216	1073741824	18.5
33554432	1073741824	18.0
67108864	1073741824	17.6
134217728	1073741824	9.9
268435456	1073741824	4.8
536870912	1073741824	6.0
