# doing sequential access with a max buffer of 1073741824
4	4096	4.0
8	4096	4.1
16	4096	3.9
32	4096	4.0
64	4096	4.0
128	4096	3.9
256	4096	4.0
512	4096	4.1
1024	4096	4.3
2048	4096	4.8


4	8192	4.0
8	8192	4.1
16	8192	3.9
32	8192	3.9
64	8192	3.9
128	8192	4.0
256	8192	3.9
512	8192	4.0
1024	8192	4.1
2048	8192	4.3
4096	8192	5.2


4	16384	4.0
8	16384	4.1
16	16384	3.9
32	16384	3.9
64	16384	3.9
128	16384	3.9
256	16384	4.0
512	16384	3.9
1024	16384	4.0
2048	16384	4.1
4096	16384	5.0
8192	16384	5.2


4	32768	4.0
8	32768	4.1
16	32768	3.9
32	32768	3.9
64	32768	3.9
128	32768	4.0
256	32768	3.9
512	32768	4.0
1024	32768	3.9
2048	32768	4.0
4096	32768	4.9
8192	32768	5.0
16384	32768	5.1


4	65536	4.0
8	65536	4.2
16	65536	4.0
32	65536	4.2
64	65536	5.2
128	65536	4.8
256	65536	4.9
512	65536	4.9
1024	65536	5.1
2048	65536	6.2
4096	65536	8.9
8192	65536	5.0
16384	65536	5.0
32768	65536	5.1


4	131072	4.0
8	131072	4.2
16	131072	4.0
32	131072	4.2
64	131072	5.2
128	131072	4.8
256	131072	4.8
512	131072	4.9
1024	131072	5.0
2048	131072	6.3
4096	131072	8.9
8192	131072	9.1
16384	131072	5.0
32768	131072	5.0
65536	131072	5.1


4	262144	4.0
8	262144	4.2
16	262144	4.0
32	262144	4.2
64	262144	5.2
128	262144	4.8
256	262144	4.8
512	262144	4.9
1024	262144	5.0
2048	262144	6.2
4096	262144	8.8
8192	262144	8.9
16384	262144	8.9
32768	262144	5.0
65536	262144	5.0
131072	262144	5.0


4	524288	4.0
8	524288	4.2
16	524288	4.0
32	524288	4.2
64	524288	5.2
128	524288	4.8
256	524288	4.8
512	524288	4.8
1024	524288	5.0
2048	524288	6.1
4096	524288	8.7
8192	524288	8.8
16384	524288	9.2
32768	524288	8.9
65536	524288	5.0
131072	524288	5.0
262144	524288	5.0


4	1048576	4.0
8	1048576	4.2
16	1048576	4.0
32	1048576	4.2
64	1048576	5.2
128	1048576	4.8
256	1048576	4.8
512	1048576	4.8
1024	1048576	5.0
2048	1048576	6.2
4096	1048576	8.6
8192	1048576	8.6
16384	1048576	8.8
32768	1048576	9.0
65536	1048576	8.6
131072	1048576	5.0
262144	1048576	5.0
524288	1048576	5.0


4	2097152	4.0
8	2097152	4.2
16	2097152	4.0
32	2097152	4.2
64	2097152	5.2
128	2097152	4.9
256	2097152	4.9
512	2097152	5.1
1024	2097152	5.3
2048	2097152	6.5
4096	2097152	9.3
8192	2097152	9.4
16384	2097152	9.5
32768	2097152	9.6
65536	2097152	9.6
131072	2097152	9.7
262144	2097152	5.4
524288	2097152	5.0
1048576	2097152	5.0


4	4194304	4.0
8	4194304	4.2
16	4194304	4.1
32	4194304	4.7
64	4194304	6.5
128	4194304	7.2
256	4194304	7.3
512	4194304	7.6
1024	4194304	8.0
2048	4194304	9.3
4096	4194304	12.5
8192	4194304	10.2
16384	4194304	10.2
32768	4194304	9.5
65536	4194304	9.9
131072	4194304	9.7
262144	4194304	10.6
524288	4194304	5.4
1048576	4194304	5.0
2097152	4194304	5.1


4	8388608	4.1
8	8388608	4.5
16	8388608	7.3
32	8388608	14.5
64	8388608	28.4
128	8388608	34.5
256	8388608	34.6
512	8388608	35.1
1024	8388608	36.0
2048	8388608	42.3
4096	8388608	61.9
8192	8388608	38.2
16384	8388608	9.8
32768	8388608	9.4
65536	8388608	9.6
131072	8388608	9.7
262144	8388608	11.0
524288	8388608	10.3
1048576	8388608	5.6
2097152	8388608	5.3
4194304	8388608	5.4


4	16777216	4.3
8	16777216	4.8
16	16777216	8.2
32	16777216	16.2
64	16777216	31.8
128	16777216	38.4
256	16777216	38.6
512	16777216	39.2
1024	16777216	39.8
2048	16777216	46.9
4096	16777216	71.8
8192	16777216	62.4
16384	16777216	26.8
32768	16777216	10.0
65536	16777216	9.8
131072	16777216	9.7
262144	16777216	11.1
524288	16777216	10.5
1048576	16777216	10.6
2097152	16777216	6.8
4194304	16777216	5.3
8388608	16777216	5.4


4	33554432	4.4
8	33554432	4.9
16	33554432	8.3
32	33554432	16.4
64	33554432	32.2
128	33554432	38.7
256	33554432	38.7
512	33554432	39.3
1024	33554432	40.0
2048	33554432	47.1
4096	33554432	68.7
8192	33554432	64.6
16384	33554432	53.2
32768	33554432	41.8
65536	33554432	15.2
131072	33554432	11.7
262144	33554432	12.2
524288	33554432	12.3
1048576	33554432	12.1
2097152	33554432	12.0
4194304	33554432	7.1
8388608	33554432	5.5
16777216	33554432	5.8


4	67108864	4.7
8	67108864	5.1
16	67108864	8.4
32	67108864	16.4
64	67108864	32.1
128	67108864	38.7
256	67108864	38.7
512	67108864	39.4
1024	67108864	40.1
2048	67108864	47.4
4096	67108864	68.8
8192	67108864	65.1
16384	67108864	59.0
32768	67108864	52.3
65536	67108864	40.2
131072	67108864	18.0
262144	67108864	13.2
524288	67108864	13.2
1048576	67108864	13.2
2097152	67108864	12.9
4194304	67108864	12.9
8388608	67108864	7.7
16777216	67108864	5.9
33554432	67108864	6.4


4	134217728	5.3
8	134217728	5.6
16	134217728	8.7
32	134217728	16.7
64	134217728	32.5
128	134217728	39.0
256	134217728	39.1
512	134217728	39.8
1024	134217728	40.5
2048	134217728	48.1
4096	134217728	69.4
8192	134217728	65.8
16384	134217728	60.1
32768	134217728	57.6
65536	134217728	52.6
131072	134217728	37.4
262144	134217728	25.5
524288	134217728	14.9
1048576	134217728	15.1
2097152	134217728	15.9
4194304	134217728	14.3
8388608	134217728	14.3
16777216	134217728	8.8
33554432	134217728	6.6
67108864	134217728	7.1


4	268435456	5.8
8	268435456	6.1
16	268435456	9.0
32	268435456	17.3
64	268435456	33.5
128	268435456	40.0
256	268435456	40.0
512	268435456	40.7
1024	268435456	41.4
2048	268435456	49.6
4096	268435456	70.4
8192	268435456	66.5
16384	268435456	61.0
32768	268435456	58.4
65536	268435456	58.9
131072	268435456	53.7
262144	268435456	35.3
524288	268435456	15.8
1048576	268435456	15.3
2097152	268435456	16.1
4194304	268435456	16.2
8388608	268435456	15.9
16777216	268435456	15.6
33554432	268435456	13.1
67108864	268435456	6.6
134217728	268435456	7.0


4	536870912	5.8
8	536870912	6.1
16	536870912	9.1
32	536870912	17.5
64	536870912	34.1
128	536870912	40.7
256	536870912	40.6
512	536870912	41.3
1024	536870912	42.0
2048	536870912	50.6
4096	536870912	71.1
8192	536870912	67.3
16384	536870912	61.8
32768	536870912	59.2
65536	536870912	60.0
131072	536870912	59.4
262144	536870912	53.8
524288	536870912	33.8
1048576	536870912	15.4
2097152	536870912	16.4
4194304	536870912	16.5
8388608	536870912	16.8
16777216	536870912	15.9
33554432	536870912	15.9
67108864	536870912	12.5
134217728	536870912	6.8
268435456	536870912	7.4


4	1073741824	6.1
8	1073741824	6.4
16	1073741824	9.3
32	1073741824	17.8
64	1073741824	35.1
128	1073741824	42.1
256	1073741824	41.8
512	1073741824	42.6
1024	1073741824	43.4
2048	1073741824	53.2
4096	1073741824	72.3
8192	1073741824	69.2
16384	1073741824	63.9
32768	1073741824	61.2
65536	1073741824	62.1
131072	1073741824	61.6
262144	1073741824	62.2
524288	1073741824	55.4
1048576	1073741824	33.7
2097152	1073741824	18.9
4194304	1073741824	18.7
8388608	1073741824	18.4
16777216	1073741824	18.3
33554432	1073741824	17.2
67108864	1073741824	17.0
134217728	1073741824	13.1
268435456	1073741824	7.1
536870912	1073741824	7.3
