cache ❯ ./cache --random
# doing random access with a max buffer of 1073741824
8	1024	1.0
16	1024	1.0
32	1024	1.0
64	1024	1.1
128	1024	1.2
256	1024	1.5
512	1024	2.0


8	2048	1.0
16	2048	1.0
32	2048	1.0
64	2048	1.0
128	2048	1.1
256	2048	1.2
512	2048	1.5
1024	2048	2.0


8	4096	1.0
16	4096	1.0
32	4096	1.0
64	4096	1.1
128	4096	1.0
256	4096	1.1
512	4096	1.2
1024	4096	1.5
2048	4096	2.0


8	8192	0.9
16	8192	1.0
32	8192	1.0
64	8192	1.0
128	8192	1.0
256	8192	1.0
512	8192	1.1
1024	8192	1.2
2048	8192	1.5
4096	8192	2.0


8	16384	0.9
16	16384	0.9
32	16384	1.0
64	16384	1.0
128	16384	1.0
256	16384	1.0
512	16384	1.0
1024	16384	1.1
2048	16384	1.2
4096	16384	1.5
8192	16384	2.0


8	32768	0.9
16	32768	0.9
32	32768	0.9
64	32768	1.0
128	32768	1.0
256	32768	1.0
512	32768	1.0
1024	32768	1.0
2048	32768	1.1
4096	32768	1.2
8192	32768	1.5
16384	32768	2.0


8	65536	0.9
16	65536	0.9
32	65536	0.9
64	65536	0.9
128	65536	1.0
256	65536	1.0
512	65536	1.0
1024	65536	1.0
2048	65536	1.0
4096	65536	1.1
8192	65536	1.2
16384	65536	1.5
32768	65536	2.0


8	131072	1.0
16	131072	1.0
32	131072	1.0
64	131072	1.0
128	131072	1.1
256	131072	1.0
512	131072	1.0
1024	131072	1.0
2048	131072	1.0
4096	131072	1.1
8192	131072	1.1
16384	131072	1.2
32768	131072	1.5
65536	131072	2.0


8	262144	3.5
16	262144	3.6
32	262144	4.2
64	262144	5.4
128	262144	5.4
256	262144	5.4
512	262144	5.5
1024	262144	5.4
2048	262144	5.3
4096	262144	4.8
8192	262144	4.5
16384	262144	5.8
32768	262144	1.2
65536	262144	1.5
131072	262144	2.0


8	524288	4.6
16	524288	4.8
32	524288	5.1
64	524288	5.5
128	524288	5.5
256	524288	5.6
512	524288	5.5
1024	524288	5.5
2048	524288	5.1
4096	524288	5.1
8192	524288	5.2
16384	524288	5.9
32768	524288	5.8
65536	524288	1.2
131072	524288	1.5
262144	524288	2.0


8	1048576	5.2
16	1048576	5.2
32	1048576	5.4
64	1048576	5.5
128	1048576	5.6
256	1048576	5.5
512	1048576	5.5
1024	1048576	5.5
2048	1048576	5.7
4096	1048576	5.7
8192	1048576	5.6
16384	1048576	5.4
32768	1048576	5.7
65536	1048576	5.9
131072	1048576	1.2
262144	1048576	1.5
524288	1048576	2.0


8	2097152	5.5
16	2097152	5.5
32	2097152	5.6
64	2097152	5.6
128	2097152	5.5
256	2097152	5.6
512	2097152	5.7
1024	2097152	5.7
2048	2097152	5.7
4096	2097152	5.6
8192	2097152	5.6
16384	2097152	5.7
32768	2097152	5.4
65536	2097152	6.0
131072	2097152	5.7
262144	2097152	1.2
524288	2097152	1.5
1048576	2097152	2.0


8	4194304	6.4
16	4194304	6.4
32	4194304	6.4
64	4194304	6.3
128	4194304	6.3
256	4194304	6.5
512	4194304	6.6
1024	4194304	6.5
2048	4194304	6.9
4096	4194304	6.6
8192	4194304	6.5
16384	4194304	7.3
32768	4194304	7.4
65536	4194304	7.1
131072	4194304	6.9
262144	4194304	7.8
524288	4194304	1.2
1048576	4194304	1.5
2097152	4194304	2.0


8	8388608	8.1
16	8388608	7.6
32	8388608	7.9
64	8388608	8.4
128	8388608	11.0
256	8388608	8.9
512	8388608	8.7
1024	8388608	8.5
2048	8388608	8.0
4096	8388608	8.7
8192	8388608	8.2
16384	8388608	8.9
32768	8388608	7.5
65536	8388608	7.3
131072	8388608	7.2
262144	8388608	7.6
524288	8388608	7.6
1048576	8388608	1.2
2097152	8388608	1.5
4194304	8388608	2.0


8	16777216	26.0
16	16777216	26.9
32	16777216	28.3
64	16777216	29.6
128	16777216	38.4
256	16777216	49.3
512	16777216	50.0
1024	16777216	49.7
2048	16777216	49.4
4096	16777216	50.5
8192	16777216	50.8
16384	16777216	50.9
32768	16777216	12.7
65536	16777216	7.5
131072	16777216	7.2
262144	16777216	7.1
524288	16777216	7.8
1048576	16777216	7.8
2097152	16777216	1.2
4194304	16777216	1.5
8388608	16777216	2.0


8	33554432	50.9
16	33554432	52.8
32	33554432	57.2
64	33554432	60.4
128	33554432	68.9
256	33554432	57.4
512	33554432	54.8
1024	33554432	55.0
2048	33554432	54.8
4096	33554432	56.7
8192	33554432	57.0
16384	33554432	57.3
32768	33554432	50.0
65536	33554432	12.5
131072	33554432	7.3
262144	33554432	8.1
524288	33554432	7.5
1048576	33554432	8.0
2097152	33554432	8.0
4194304	33554432	1.2
8388608	33554432	1.5
16777216	33554432	2.0


8	67108864	83.7
16	67108864	86.7
32	67108864	89.8
64	67108864	95.0
128	67108864	112.7
256	67108864	88.4
512	67108864	64.3
1024	67108864	59.1
2048	67108864	58.0
4096	67108864	59.8
8192	67108864	61.0
16384	67108864	61.8
32768	67108864	65.5
65536	67108864	62.5
131072	67108864	22.7
262144	67108864	16.4
524288	67108864	16.0
1048576	67108864	15.7
2097152	67108864	12.8
4194304	67108864	16.1
8388608	67108864	1.2
16777216	67108864	1.5
33554432	67108864	2.0


8	134217728	105.5
16	134217728	104.2
32	134217728	108.3
64	134217728	111.4
128	134217728	121.8
256	134217728	122.4
512	134217728	102.5
1024	134217728	72.4
2048	134217728	62.0
4096	134217728	63.3
8192	134217728	63.7
16384	134217728	64.3
32768	134217728	65.9
65536	134217728	65.9
131072	134217728	59.1
262144	134217728	18.9
524288	134217728	16.9
1048576	134217728	16.0
2097152	134217728	16.0
4194304	134217728	16.9
8388608	134217728	17.0
16777216	134217728	1.2
33554432	134217728	1.5
67108864	134217728	2.0


8	268435456	121.6
16	268435456	120.0
32	268435456	116.8
64	268435456	118.8
128	268435456	123.9
256	268435456	124.7
512	268435456	124.9
1024	268435456	106.5
2048	268435456	71.8
4096	268435456	63.9
8192	268435456	64.7
16384	268435456	65.2
32768	268435456	66.0
65536	268435456	65.5
131072	268435456	65.7
262144	268435456	60.3
524288	268435456	22.7
1048576	268435456	16.3
2097152	268435456	16.1
4194304	268435456	16.8
8388608	268435456	16.8
16777216	268435456	17.3
33554432	268435456	1.2
67108864	268435456	1.5
134217728	268435456	2.0


8	536870912	121.6
16	536870912	122.3
32	536870912	121.9
64	536870912	122.8
128	536870912	125.2
256	536870912	125.7
512	536870912	125.5
1024	536870912	125.1
2048	536870912	104.1
4096	536870912	69.5
8192	536870912	67.3
16384	536870912	66.4
32768	536870912	66.5
65536	536870912	66.2
131072	536870912	67.2
262144	536870912	66.0
524288	536870912	57.6
1048576	536870912	25.7
2097152	536870912	16.6
4194304	536870912	16.6
8388608	536870912	16.9
16777216	536870912	16.6
33554432	536870912	16.7
67108864	536870912	1.2
134217728	536870912	1.5
268435456	536870912	2.0


8	1073741824	128.8
16	1073741824	126.6
32	1073741824	126.3
64	1073741824	127.7
128	1073741824	128.1
256	1073741824	128.8
512	1073741824	133.2
1024	1073741824	394.3
2048	1073741824	129.4
4096	1073741824	117.2
8192	1073741824	109.8
16384	1073741824	102.6
32768	1073741824	73.2
65536	1073741824	68.6
131072	1073741824	67.2
262144	1073741824	67.0
524288	1073741824	67.0
1048576	1073741824	59.1
2097152	1073741824	25.3
4194304	1073741824	19.0
8388608	1073741824	19.5
16777216	1073741824	19.4
33554432	1073741824	21.8
67108864	1073741824	16.9
134217728	1073741824	1.2
268435456	1073741824	1.5
536870912	1073741824	2.0


