# doing random access with a max buffer of 1073741824
4	4096	4.9
8	4096	4.9
16	4096	5.0
32	4096	5.0
64	4096	5.1
128	4096	5.1
256	4096	4.9
512	4096	4.7
1024	4096	5.5
2048	4096	9.4


4	8192	4.9
8	8192	4.9
16	8192	4.9
32	8192	4.9
64	8192	5.0
128	8192	5.1
256	8192	5.1
512	8192	4.9
1024	8192	4.7
2048	8192	5.6
4096	8192	9.3


4	16384	4.9
8	16384	4.8
16	16384	4.9
32	16384	4.9
64	16384	4.9
128	16384	5.0
256	16384	5.1
512	16384	5.0
1024	16384	4.8
2048	16384	4.7
4096	16384	5.6
8192	16384	9.3


4	32768	4.9
8	32768	5.0
16	32768	5.0
32	32768	5.2
64	32768	5.1
128	32768	5.1
256	32768	5.3
512	32768	5.1
1024	32768	5.0
2048	32768	4.9
4096	32768	4.7
8192	32768	5.6
16384	32768	9.4


4	65536	8.3
8	65536	8.6
16	65536	8.9
32	65536	9.9
64	65536	12.8
128	65536	12.5
256	65536	12.8
512	65536	12.9
1024	65536	12.8
2048	65536	12.2
4096	65536	10.9
8192	65536	4.7
16384	65536	5.6
32768	65536	9.4


4	131072	10.9
8	131072	11.1
16	131072	11.2
32	131072	12.1
64	131072	13.2
128	131072	13.1
256	131072	13.4
512	131072	13.4
1024	131072	13.2
2048	131072	13.5
4096	131072	13.0
8192	131072	11.3
16384	131072	4.9
32768	131072	5.7
65536	131072	9.5


4	262144	12.1
8	262144	12.4
16	262144	12.4
32	262144	12.9
64	262144	13.3
128	262144	13.3
256	262144	13.6
512	262144	13.2
1024	262144	13.5
2048	262144	13.7
4096	262144	13.5
8192	262144	13.0
16384	262144	11.4
32768	262144	4.9
65536	262144	5.7
131072	262144	9.7


4	524288	13.0
8	524288	13.0
16	524288	13.1
32	524288	13.2
64	524288	13.6
128	524288	13.4
256	524288	13.6
512	524288	13.4
1024	524288	13.7
2048	524288	13.5
4096	524288	13.7
8192	524288	13.7
16384	524288	12.9
32768	524288	11.4
65536	524288	4.9
131072	524288	5.7
262144	524288	9.8


4	1048576	13.2
8	1048576	13.4
16	1048576	13.3
32	1048576	13.5
64	1048576	13.6
128	1048576	13.6
256	1048576	13.7
512	1048576	13.7
1024	1048576	13.6
2048	1048576	13.7
4096	1048576	13.6
8192	1048576	13.8
16384	1048576	13.6
32768	1048576	13.0
65536	1048576	11.5
131072	1048576	4.9
262144	1048576	5.8
524288	1048576	9.7


4	2097152	14.3
8	2097152	14.3
16	2097152	14.4
32	2097152	14.4
64	2097152	14.4
128	2097152	14.5
256	2097152	14.5
512	2097152	14.5
1024	2097152	14.5
2048	2097152	14.8
4096	2097152	15.5
8192	2097152	15.4
16384	2097152	15.4
32768	2097152	15.7
65536	2097152	15.0
131072	2097152	13.0
262144	2097152	6.4
524288	2097152	5.7
1048576	2097152	9.7


4	4194304	16.4
8	4194304	16.4
16	4194304	16.6
32	4194304	17.2
64	4194304	17.3
128	4194304	17.3
256	4194304	16.9
512	4194304	17.0
1024	4194304	16.5
2048	4194304	16.4
4096	4194304	16.5
8192	4194304	15.4
16384	4194304	15.4
32768	4194304	15.5
65536	4194304	15.9
131072	4194304	14.7
262144	4194304	13.3
524288	4194304	6.5
1048576	4194304	5.6
2097152	4194304	9.7


4	8388608	68.2
8	8388608	68.8
16	8388608	70.9
32	8388608	74.8
64	8388608	81.8
128	8388608	100.9
256	8388608	100.4
512	8388608	99.9
1024	8388608	99.6
2048	8388608	99.4
4096	8388608	99.8
8192	8388608	32.3
16384	8388608	15.3
32768	8388608	15.3
65536	8388608	15.4
131072	8388608	15.3
262144	8388608	14.8
524288	8388608	13.2
1048576	8388608	6.5
2097152	8388608	5.7
4194304	8388608	9.7


4	16777216	93.5
8	16777216	94.2
16	16777216	95.6
32	16777216	98.3
64	16777216	102.7
128	16777216	114.1
256	16777216	113.3
512	16777216	112.5
1024	16777216	112.7
2048	16777216	112.7
4096	16777216	112.7
8192	16777216	100.9
16384	16777216	33.8
32768	16777216	15.4
65536	16777216	15.7
131072	16777216	15.4
262144	16777216	15.5
524288	16777216	14.7
1048576	16777216	13.3
2097152	16777216	6.4
4194304	16777216	5.7
8388608	16777216	9.7


4	33554432	106.9
8	33554432	107.5
16	33554432	108.4
32	33554432	110.0
64	33554432	112.9
128	33554432	118.9
256	33554432	118.1
512	33554432	118.5
1024	33554432	119.2
2048	33554432	119.7
4096	33554432	119.4
8192	33554432	119.1
16384	33554432	107.9
32768	33554432	48.7
65536	33554432	23.2
131072	33554432	23.1
262144	33554432	22.9
524288	33554432	23.1
1048576	33554432	22.5
2097152	33554432	20.3
4194304	33554432	6.7
8388608	33554432	5.9
16777216	33554432	10.0


4	67108864	116.7
8	67108864	116.9
16	67108864	117.1
32	67108864	117.7
64	67108864	119.1
128	67108864	121.7
256	67108864	122.2
512	67108864	123.1
1024	67108864	123.5
2048	67108864	123.4
4096	67108864	123.4
8192	67108864	123.8
16384	67108864	123.6
32768	67108864	112.7
65536	67108864	47.2
131072	67108864	23.6
262144	67108864	23.7
524288	67108864	23.7
1048576	67108864	23.8
2097152	67108864	22.8
4194304	67108864	20.9
8388608	67108864	6.9
16777216	67108864	6.1
33554432	67108864	10.2


4	134217728	123.7
8	134217728	123.7
16	134217728	123.9
32	134217728	123.9
64	134217728	124.8
128	134217728	126.2
256	134217728	128.3
512	134217728	128.9
1024	134217728	128.9
2048	134217728	128.1
4096	134217728	127.2
8192	134217728	127.2
16384	134217728	127.6
32768	134217728	127.7
65536	134217728	116.0
131072	134217728	50.2
262144	134217728	25.6
524288	134217728	25.0
1048576	134217728	25.4
2097152	134217728	26.1
4194304	134217728	23.3
8388608	134217728	21.3
16777216	134217728	7.0
33554432	134217728	6.1
67108864	134217728	10.4


4	268435456	133.3
8	268435456	132.7
16	268435456	133.7
32	268435456	134.0
64	268435456	134.4
128	268435456	135.2
256	268435456	136.2
512	268435456	135.1
1024	268435456	132.6
2048	268435456	130.9
4096	268435456	129.6
8192	268435456	130.2
16384	268435456	130.7
32768	268435456	130.7
65536	268435456	130.2
131072	268435456	113.2
262144	268435456	49.6
524288	268435456	25.9
1048576	268435456	26.0
2097152	268435456	26.2
4194304	268435456	26.4
8388608	268435456	25.4
16777216	268435456	23.1
33554432	268435456	11.5
67108864	268435456	6.1
134217728	268435456	10.3


4	536870912	146.5
8	536870912	148.3
16	536870912	148.5
32	536870912	148.9
64	536870912	149.1
128	536870912	149.4
256	536870912	145.5
512	536870912	140.8
1024	536870912	136.5
2048	536870912	133.0
4096	536870912	131.3
8192	536870912	131.7
16384	536870912	131.6
32768	536870912	132.1
65536	536870912	132.0
131072	536870912	128.2
262144	536870912	114.4
524288	536870912	53.0
1048576	536870912	26.0
2097152	536870912	26.1
4194304	536870912	25.9
8388608	536870912	25.9
16777216	536870912	24.5
33554432	536870912	22.4
67108864	536870912	8.4
134217728	536870912	5.9
268435456	536870912	10.1


4	1073741824	167.0
8	1073741824	168.1
16	1073741824	168.3
32	1073741824	168.2
64	1073741824	168.2
128	1073741824	168.8
256	1073741824	155.7
512	1073741824	145.5
1024	1073741824	138.5
2048	1073741824	133.9
4096	1073741824	131.7
8192	1073741824	131.8
16384	1073741824	131.7
32768	1073741824	131.6
65536	1073741824	131.9
131072	1073741824	129.0
262144	1073741824	128.0
524288	1073741824	113.8
1048576	1073741824	50.8
2097152	1073741824	25.4
4194304	1073741824	25.1
8388608	1073741824	24.6
16777216	1073741824	24.6
33554432	1073741824	23.7
67108864	1073741824	21.6
134217728	1073741824	8.2
268435456	1073741824	5.8
536870912	1073741824	9.9
